[Setting]
BeginPosX=4.333527
BeginPosY=4.133484
SizeX=91.16647
SizeY=91.16652
Height=-1.08679E-05
