[Setting]
BeginPosX=18.87341
BeginPosY=10.84198
SizeX=370.4078
SizeY=370.408
Height=-39.60754
