[Setting]
BeginPosX=22.20967
BeginPosY=13.7092
SizeX=182.9903
SizeY=182.9908
Height=-8.666405E-05
