[Setting]
BeginPosX=11.19643
BeginPosY=16.9964
SizeX=80.60358
SizeY=80.6036
Height=-2.441856E-05
