[Setting]
BeginPosX=27.11389
BeginPosY=27.8963
SizeX=242.2861
SizeY=137.0037
Height=10.29998
