[Setting]
BeginPosX=6.837959
BeginPosY=10.28687
SizeX=81.32498
SizeY=81.32507
Height=0.03929981
