[Setting]
BeginPosX=28.9675
BeginPosY=20.16725
SizeX=102.1325
SizeY=102.1328
Height=4.776923
