[Setting]
BeginPosX=4.869537
BeginPosY=-5.322624
SizeX=95.85121
SizeY=107.8464
Height=-5.233745
