[Setting]
BeginPosX=28.25452
BeginPosY=22.63759
SizeX=144.5143
SizeY=144.5145
Height=-0.001794726
