[Setting]
BeginPosX=68.07251
BeginPosY=38.87547
SizeX=274.3275
SizeY=167.6381
Height=-1.700484
