[Setting]
BeginPosX=11.23882
BeginPosY=5.308846
SizeX=110.6712
SizeY=110.6711
Height=7.099967
