[Setting]
BeginPosX=2.474434
BeginPosY=11.37445
SizeX=86.72556
SizeY=86.72556
Height=-2.20001
