[Setting]
BeginPosX=8.280327
BeginPosY=7.480301
SizeX=78.31967
SizeY=78.3197
Height=-3.00001
