[Setting]
BeginPosX=6.50351
BeginPosY=4.100647
SizeX=81.03224
SizeY=81.03228
Height=0.1049035
