[Setting]
BeginPosX=16.22886
BeginPosY=22.9958
SizeX=61.49655
SizeY=57.53245
Height=4.670991
