[Setting]
BeginPosX=16
BeginPosY=7.988007
SizeX=248.024
SizeY=248.0239
Height=5.489124E-05
