[Setting]
BeginPosX=26.77717
BeginPosY=27.63371
SizeX=42.43653
SizeY=42.43655
Height=2.345141
