[Setting]
BeginPosX=15.91318
BeginPosY=49.57893
SizeX=250.9468
SizeY=196.8211
Height=-8.163303
