[Setting]
BeginPosX=9.326599
BeginPosY=7.269943
SizeX=124.2901
SizeY=127.2841
Height=2.329961
