[Setting]
BeginPosX=38.80891
BeginPosY=41.6727
SizeX=124.3831
SizeY=116.3653
Height=3.899966
