[Setting]
BeginPosX=4.791672
BeginPosY=5.774277
SizeX=124.4476
SizeY=124.4478
Height=-3.037732
