[Setting]
BeginPosX=32.73676
BeginPosY=12.84215
SizeX=79.76324
SizeY=68.95786
Height=-2.800021
