[Setting]
BeginPosX=36.50911
BeginPosY=40.70883
SizeX=186.2909
SizeY=186.2912
Height=22.09998
