[Setting]
BeginPosX=4.378464
BeginPosY=3.878433
SizeX=93.62154
SizeY=93.62157
Height=5.299989
