[Setting]
BeginPosX=4.303085
BeginPosY=1.012672
SizeX=93.59839
SizeY=93.59855
Height=-0.04971431
