[Setting]
BeginPosX=20.47243
BeginPosY=17.07239
SizeX=164.9276
SizeY=164.9276
Height=-3.00002
