[Setting]
BeginPosX=5.43885
BeginPosY=5.038818
SizeX=62.66115
SizeY=62.66118
Height=4.819981
