[Setting]
BeginPosX=-8.733833
BeginPosY=-5.346428
SizeX=117.2027
SizeY=117.2028
Height=0.02311828
