[Setting]
BeginPosX=9.963951
BeginPosY=8.063904
SizeX=78.43605
SizeY=78.4361
Height=5.199976
