[Setting]
BeginPosX=8.845932
BeginPosY=0.824707
SizeX=159.1363
SizeY=153.3844
Height=-6.252053
