[Setting]
BeginPosX=9.653145
BeginPosY=12.1531
SizeX=74.14686
SizeY=74.1469
Height=0.7999914
