[Setting]
BeginPosX=12.95317
BeginPosY=13.36576
SizeX=76.56771
SizeY=76.56783
Height=-0.02227242
