[Setting]
BeginPosX=15.16267
BeginPosY=14.36254
SizeX=91.13733
SizeY=91.13746
Height=-9.600027
