[Setting]
BeginPosX=4
BeginPosY=11.12826
SizeX=114
SizeY=104.8717
Height=18.16517
