[Setting]
BeginPosX=26.81631
BeginPosY=27.33754
SizeX=144.5837
SizeY=144.2625
Height=-3.200017
