[Setting]
BeginPosX=15.17746
BeginPosY=20.12822
SizeX=159.0225
SizeY=148.7718
Height=3.899982
