[Setting]
BeginPosX=17.5519
BeginPosY=15.35187
SizeX=67.5481
SizeY=67.54813
Height=-2.046345E-05
