[Setting]
BeginPosX=21.7
BeginPosY=14.99992
SizeX=156
SizeY=156.0001
Height=3.314146
