[Setting]
BeginPosX=10.13873
BeginPosY=5.541534
SizeX=82.15827
SizeY=82.15846
Height=-9.79405E-06
