[Setting]
BeginPosX=136.8646
BeginPosY=22.54736
SizeX=178.1354
SizeY=166.6526
Height=39.09998
