[Setting]
BeginPosX=16.32139
BeginPosY=14.91759
SizeX=61.49655
SizeY=57.53245
Height=4.716711
