[Setting]
BeginPosX=13.22552
BeginPosY=12.39417
SizeX=74.28235
SizeY=74.28233
Height=0.005801586
