[Setting]
BeginPosX=4.519333
BeginPosY=4.460892
SizeX=162.7807
SizeY=162.4191
Height=11.79998
