[Setting]
BeginPosX=10.41958
BeginPosY=6.019455
SizeX=83.08042
SizeY=83.08055
Height=-2.516894E-05
