[Setting]
BeginPosX=1.913467
BeginPosY=-10.18671
SizeX=110.1705
SizeY=110.1707
Height=-3.33758E-05
