[Setting]
BeginPosX=5.332535
BeginPosY=7.332497
SizeX=88.46747
SizeY=88.4675
Height=-3.000027
