[Setting]
BeginPosX=20.32851
BeginPosY=17.92844
SizeX=127.5415
SizeY=127.5416
Height=3.299985
