[Setting]
BeginPosX=10.41958
BeginPosY=6.019447
SizeX=83.08042
SizeY=83.08056
Height=-9.903973E-06
