[Setting]
BeginPosX=18.48631
BeginPosY=14.38623
SizeX=72.41368
SizeY=72.41377
Height=-2.193748E-05
