[Setting]
BeginPosX=10.68723
BeginPosY=9.887215
SizeX=80.01276
SizeY=80.01279
Height=-2.423957E-05
