[Setting]
BeginPosX=10.83933
BeginPosY=10.93929
SizeX=81.56067
SizeY=81.56071
Height=0.6999753
