[Setting]
BeginPosX=50.67908
BeginPosY=17.57899
SizeX=225.6209
SizeY=225.621
Height=5.399973
