[Setting]
BeginPosX=-23.20813
BeginPosY=-32.3532
SizeX=236.4467
SizeY=258.391
Height=-8.010988
