[Setting]
BeginPosX=8.158737
BeginPosY=9.358711
SizeX=85.08127
SizeY=85.08129
Height=1.599974
