[Setting]
BeginPosX=33.85851
BeginPosY=26.15848
SizeX=135.3415
SizeY=135.3415
Height=-4.100121E-05
