[Setting]
BeginPosX=15.68833
BeginPosY=17.94008
SizeX=60.48073
SizeY=60.48074
Height=0.03966597
