[Setting]
BeginPosX=9.102142
BeginPosY=10.3021
SizeX=87.09785
SizeY=87.09789
Height=-2.638598E-05
