[Setting]
BeginPosX=4.664154
BeginPosY=3.504105
SizeX=110.8358
SizeY=110.8359
Height=-3.260034
