[Setting]
BeginPosX=20.71571
BeginPosY=20.30688
SizeX=170.2185
SizeY=170.2187
Height=-6.590237
