[Setting]
BeginPosX=-3.051758E-05
BeginPosY=0
SizeX=312.0002
SizeY=312.0002
Height=-3.719331E-05
ChildMapCount=2

[ChildMap_1]
BeginPosX=-7.027939
BeginPosY=21.97249
SizeX=86.78665
SizeY=87.19078
Height=-0.01073039

[ChildMap_2]
BeginPosX=-21.76208
BeginPosY=105.7772
SizeX=142.4174
SizeY=170.4871
Height=10.56886
