[Setting]
BeginPosX=4.378464
BeginPosY=3.878448
SizeX=93.62154
SizeY=93.62155
Height=5.299972
