[Setting]
BeginPosX=19.77254
BeginPosY=6.86866
SizeX=92.02747
SizeY=86.09034
Height=-2.800026
