[Setting]
BeginPosX=15.83997
BeginPosY=13.76337
SizeX=68.22582
SizeY=68.22586
Height=-0.04752319
