[Setting]
BeginPosX=43.88991
BeginPosY=47.98984
SizeX=83.31009
SizeY=83.31017
Height=37.39998
