[Setting]
BeginPosX=21.28075
BeginPosY=26.55772
SizeX=162.3313
SizeY=151.8673
Height=3.899952
