[Setting]
BeginPosX=-3.051758E-05
BeginPosY=0
SizeX=312.0002
SizeY=312.0002
Height=-3.719331E-05
