[Setting]
BeginPosX=25.7634
BeginPosY=23.96764
SizeX=51.49479
SizeY=51.49481
Height=0.03650814
