[Setting]
BeginPosX=-17.14148
BeginPosY=-11.74151
SizeX=135.3415
SizeY=135.3415
Height=-4.10012E-05
