[Setting]
BeginPosX=-9.664429
BeginPosY=-25.76441
SizeX=103.2034
SizeY=103.2034
Height=-7.470012
