[Setting]
BeginPosX=30.12115
BeginPosY=29.95399
SizeX=144.4994
SizeY=144.4994
Height=-2.976631
