[Setting]
BeginPosX=17.31843
BeginPosY=17.48674
SizeX=67.6
SizeY=67.60001
Height=0.03283551
