[Setting]
BeginPosX=20.5134
BeginPosY=18.91336
SizeX=66.28661
SizeY=66.28664
Height=-1.80002
