[Setting]
BeginPosX=15.42741
BeginPosY=33.02731
SizeX=154.7726
SizeY=154.7727
Height=-8.000048
