[Setting]
BeginPosX=15.13316
BeginPosY=18.86581
SizeX=76.87073
SizeY=71.91553
Height=4.730491
