[Setting]
BeginPosX=13.29996
BeginPosY=13.19993
SizeX=67.40004
SizeY=67.40007
Height=7.09998
