[Setting]
BeginPosX=11.33414
BeginPosY=11.7338
SizeX=170.2659
SizeY=170.2662
Height=-2.029731E-05
