[Setting]
BeginPosX=15.41761
BeginPosY=11.81757
SizeX=73.68239
SizeY=73.68243
Height=0.2999913
