[Setting]
BeginPosX=41.71503
BeginPosY=31.1149
SizeX=104.285
SizeY=104.2851
Height=-7.100012
