[Setting]
BeginPosX=35.31657
BeginPosY=15.10471
SizeX=73.28711
SizeY=71.0798
Height=32.37084
