[Setting]
BeginPosX=23.85307
BeginPosY=10.44214
SizeX=90.74693
SizeY=74.95786
Height=-2.800023
