[Setting]
BeginPosX=22.255
BeginPosY=22.75249
SizeX=92.21304
SizeY=92.21326
Height=-1.576105E-05
