[Setting]
BeginPosX=28.74075
BeginPosY=30.04051
SizeX=125.8593
SizeY=125.8595
Height=-3.600039
