[Setting]
BeginPosX=12.20001
BeginPosY=10.79999
SizeX=184.2813
SizeY=184.2813
Height=-8.800044
