[Setting]
BeginPosX=21.18907
BeginPosY=29.73891
SizeX=178.8109
SizeY=178.8111
Height=-2.131594E-05
