[Setting]
BeginPosX=29.73418
BeginPosY=23.5577
SizeX=102.1061
SizeY=102.1063
Height=-1.141487
