[Setting]
BeginPosX=22.97954
BeginPosY=20.17947
SizeX=98.72046
SizeY=98.72052
Height=-3.000012
