[Setting]
BeginPosX=15.2777
BeginPosY=12.47765
SizeX=71.92229
SizeY=71.92236
Height=27.99998
