[Setting]
BeginPosX=13.14474
BeginPosY=9.644547
SizeX=144.4153
SizeY=144.4155
Height=-1.611146E-05
