[Setting]
BeginPosX=15.69789
BeginPosY=17.09779
SizeX=168.4021
SizeY=168.4022
Height=-5.101682E-05
