[Setting]
BeginPosX=28.57925
BeginPosY=15.42663
SizeX=98.32076
SizeY=76.27337
Height=4.199976
