[Setting]
BeginPosX=15.69789
BeginPosY=17.09778
SizeX=168.4021
SizeY=168.4022
Height=-2.007511E-05
