[Setting]
BeginPosX=3.568863
BeginPosY=-4.943649
SizeX=156
SizeY=156
Height=0.02310652
