[Setting]
BeginPosX=4.949471
BeginPosY=11.64944
SizeX=85.90153
SizeY=85.90156
Height=-2.602356E-05
