[Setting]
BeginPosX=10.86572
BeginPosY=10.9657
SizeX=80.53428
SizeY=80.5343
Height=-3.000025
