[Setting]
BeginPosX=22.58203
BeginPosY=12.18198
SizeX=61.92197
SizeY=61.92203
Height=-1.800018
