[Setting]
BeginPosX=10.70757
BeginPosY=5.607452
SizeX=205.7924
SizeY=205.7926
Height=27.39998
