[Setting]
BeginPosX=32.76576
BeginPosY=13.96565
SizeX=119.4342
SizeY=119.4343
Height=17.79998
