[Setting]
BeginPosX=4.949471
BeginPosY=11.64943
SizeX=85.90153
SizeY=85.90157
Height=-1.024026E-05
