[Setting]
BeginPosX=155.4806
BeginPosY=90.28348
SizeX=71.5473
SizeY=67.70591
Height=15.69512
