[Setting]
BeginPosX=5.665199
BeginPosY=2.845245
SizeX=95.06089
SizeY=95.0609
Height=-39.53783
