[Setting]
BeginPosX=19.24937
BeginPosY=17.74931
SizeX=67.75063
SizeY=67.75069
Height=2.39998
