[Setting]
BeginPosX=17.5519
BeginPosY=15.35186
SizeX=67.5481
SizeY=67.54814
Height=-8.052365E-06
