[Setting]
BeginPosX=-12.86338
BeginPosY=-22.99344
SizeX=136.4634
SizeY=136.4634
Height=-7.800016
