[Setting]
BeginPosX=82.62987
BeginPosY=98.09996
SizeX=33.57013
SizeY=68.25003
Height=75.02998
