[Setting]
BeginPosX=3.541748
BeginPosY=3.041641
SizeX=104.6582
SizeY=104.6584
Height=5.799969
