[Setting]
BeginPosX=14.00124
BeginPosY=13.40118
SizeX=68.59876
SizeY=68.59882
Height=-3.200021
