[Setting]
BeginPosX=-3.051758E-05
BeginPosY=0
SizeX=312.0002
SizeY=312.0002
Height=-3.719331E-05
ChildMapCount=2

[ChildMap_1]
BeginPosX=-6.877945
BeginPosY=22.21248
SizeX=86.78665
SizeY=92.99284
Height=-0.01073074

[ChildMap_2]
BeginPosX=2.512253
BeginPosY=117.2783
SizeX=115.2826
SizeY=127.3248
Height=10.03725
