[Setting]
BeginPosX=13.65097
BeginPosY=8.331268
SizeX=99.44903
SizeY=78.66873
Height=-2.800024
