[Setting]
BeginPosX=15.56459
BeginPosY=13.74741
SizeX=178.1354
SizeY=166.6526
Height=3.899949
