[Setting]
BeginPosX=3.89537
BeginPosY=12.49411
SizeX=99.0099
SizeY=99.00986
Height=3.314153
