[Setting]
BeginPosX=8.280327
BeginPosY=7.480316
SizeX=78.31967
SizeY=78.31969
Height=-3.000024
