[Setting]
BeginPosX=12.74554
BeginPosY=13.74551
SizeX=73.65446
SizeY=73.65448
Height=-2.231335E-05
