[Setting]
BeginPosX=-88.10564
BeginPosY=-38.57204
SizeX=250.5383
SizeY=250.5383
Height=2.05997
