[Setting]
BeginPosX=20.02783
BeginPosY=17.35229
SizeX=252.2722
SizeY=164.7477
Height=-7.900049
