[Setting]
BeginPosX=15.98585
BeginPosY=9.837494
SizeX=86.40203
SizeY=86.40225
Height=0.0002376554
