[Setting]
BeginPosX=6.409561
BeginPosY=8.409546
SizeX=76.99044
SizeY=76.99045
Height=-2.700024
