[Setting]
BeginPosX=21.79362
BeginPosY=20.59351
SizeX=97.50638
SizeY=97.5065
Height=-2.953923E-05
