[Setting]
BeginPosX=12.82095
BeginPosY=12.99032
SizeX=67.6
SizeY=67.60001
Height=0.0247195
