[Setting]
BeginPosX=34.57251
BeginPosY=33.87231
SizeX=128.0275
SizeY=128.0277
Height=3.099984
