[Setting]
BeginPosX=7.285164
BeginPosY=10.25664
SizeX=81.39042
SizeY=81.39053
Height=-1.121186
