[Setting]
BeginPosX=20.78003
BeginPosY=21.07999
SizeX=56.61997
SizeY=56.62001
Height=0.09999268
