[Setting]
BeginPosX=-3.051758E-05
BeginPosY=0
SizeX=312.0002
SizeY=312.0002
Height=-3.719331E-05
ChildMapCount=2

[ChildMap_1]
BeginPosX=-6.877945
BeginPosY=22.21248
SizeX=86.78665
SizeY=87.1908
Height=-0.01073039

[ChildMap_2]
BeginPosX=-26.92992
BeginPosY=91.71985
SizeX=181.1794
SizeY=195.4025
Height=10.44169
