[Setting]
BeginPosX=9.5867
BeginPosY=10.18662
SizeX=78.1133
SizeY=78.11338
Height=-2.366416E-05
