[Setting]
BeginPosX=22.28568
BeginPosY=23.88559
SizeX=142.5843
SizeY=142.5844
Height=17.79996
