[Setting]
BeginPosX=35.40001
BeginPosY=29.69992
SizeX=182
SizeY=182.0001
Height=10.28998
