[Setting]
BeginPosX=4.518738
BeginPosY=2.764114
SizeX=152.4108
SizeY=152.4109
Height=-1.700482
