[Setting]
BeginPosX=29.9234
BeginPosY=31.22334
SizeX=127.4766
SizeY=127.4767
Height=2.599985
