[Setting]
BeginPosX=-9.202499
BeginPosY=-9.648002
SizeX=16.81464
SizeY=19.79876
Height=0.8839709
