[Setting]
BeginPosX=15.62927
BeginPosY=20.48449
SizeX=76.87073
SizeY=71.91553
Height=4.699973
