[Setting]
BeginPosX=6.237976
BeginPosY=4.174271
SizeX=134.462
SizeY=132.6557
Height=-1.65056E-05
