[Setting]
BeginPosX=20.02783
BeginPosY=17.35226
SizeX=252.2722
SizeY=164.7477
Height=-7.90002
