[Setting]
BeginPosX=21.33755
BeginPosY=15.80731
SizeX=110.2924
SizeY=110.2927
Height=-25.52308
