[Setting]
BeginPosX=1.766678
BeginPosY=4.566605
SizeX=186.2333
SizeY=186.2334
Height=-5.641871E-05
