[Setting]
BeginPosX=46.44943
BeginPosY=48.14926
SizeX=367.2506
SizeY=367.2507
Height=0.02315626
