[Setting]
BeginPosX=16.85781
BeginPosY=13.05775
SizeX=76.8522
SizeY=76.85225
Height=6.55999
