[Setting]
BeginPosX=30.32594
BeginPosY=18.56587
SizeX=138.334
SizeY=138.3341
Height=29.99998
