[Setting]
BeginPosX=12.86679
BeginPosY=1.106689
SizeX=173.2532
SizeY=173.2533
Height=29.99998
