[Setting]
BeginPosX=37.93881
BeginPosY=27.43875
SizeX=109.1612
SizeY=109.1613
Height=-6.600013
