[Setting]
BeginPosX=11.18922
BeginPosY=2.907753
SizeX=70.85609
SizeY=70.8561
Height=-3.016112
