[Setting]
BeginPosX=3.568863
BeginPosY=-4.94368
SizeX=156
SizeY=156.0001
Height=0.02313519
