[Setting]
BeginPosX=5.699844
BeginPosY=3.999794
SizeX=89.80016
SizeY=89.80021
Height=-2.720464E-05
