[Setting]
BeginPosX=13.3564
BeginPosY=17.05637
SizeX=63.8436
SizeY=63.84363
Height=3.789993
