[Setting]
BeginPosX=16.9174
BeginPosY=11.41695
SizeX=187.9826
SizeY=187.983
Height=-2.800024
