[Setting]
BeginPosX=16.85781
BeginPosY=13.05776
SizeX=76.8522
SizeY=76.85224
Height=6.559977
