[Setting]
BeginPosX=39.14676
BeginPosY=39.69119
SizeX=121.1972
SizeY=121.1974
Height=-3.601035
