[Setting]
BeginPosX=26.50708
BeginPosY=23.63864
SizeX=168.2427
SizeY=160.98
Height=-6.044594
