[Setting]
BeginPosX=18.48631
BeginPosY=14.38622
SizeX=72.41368
SizeY=72.41378
Height=-8.632394E-06
