[Setting]
BeginPosX=13.22476
BeginPosY=12.99873
SizeX=174.9672
SizeY=172.9013
Height=-7.300052
