[Setting]
BeginPosX=20.99014
BeginPosY=23.89005
SizeX=149.4579
SizeY=149.4579
Height=-6.600018
