[Setting]
BeginPosX=15.16682
BeginPosY=5.336273
SizeX=100.9332
SizeY=83.86372
Height=-2.800025
