[Setting]
BeginPosX=11.26728
BeginPosY=4.264076
SizeX=82.59525
SizeY=82.59539
Height=-0.0295813
