[Setting]
BeginPosX=13.5
BeginPosY=13.3
SizeX=67.6
SizeY=67.60001
Height=-0.2000193
