[Setting]
BeginPosX=4.333527
BeginPosY=4.133492
SizeX=91.16647
SizeY=91.16651
Height=-2.761855E-05
