[Setting]
BeginPosX=8.799988
BeginPosY=6.599808
SizeX=83.68701
SizeY=83.68719
Height=-2.535272E-05
