[Setting]
BeginPosX=14.78585
BeginPosY=9.169006
SizeX=73.65446
SizeY=73.65448
Height=-0.03400536
