[Setting]
BeginPosX=10.91113
BeginPosY=13.73058
SizeX=73.65446
SizeY=73.65446
Height=-0.0374197
