[Setting]
BeginPosX=10.1767
BeginPosY=6.802353
SizeX=173.7922
SizeY=173.7923
Height=0.04681853
