[Setting]
BeginPosX=29.55791
BeginPosY=29.11176
SizeX=176.8421
SizeY=157.6882
Height=3.899569
