[Setting]
BeginPosX=10.1386
BeginPosY=13.65787
SizeX=189.5614
SizeY=177.3421
Height=3.899979
