[Setting]
BeginPosX=10.13873
BeginPosY=5.038559
SizeX=82.15827
SizeY=82.15845
Height=-2.488959E-05
