[Setting]
BeginPosX=26.61566
BeginPosY=14.6156
SizeX=108.8843
SizeY=108.8844
Height=-2.500033
