[Setting]
BeginPosX=28.26717
BeginPosY=27.3637
SizeX=42.43653
SizeY=42.43656
Height=2.375149
