[Setting]
BeginPosX=9.773956
BeginPosY=18.34393
SizeX=73.00604
SizeY=73.00607
Height=-0.1100227
