[Setting]
BeginPosX=3.848984
BeginPosY=6.648758
SizeX=192.151
SizeY=192.1512
Height=-6.600058
