[Setting]
BeginPosX=26.96936
BeginPosY=28.66899
SizeX=147.8306
SizeY=147.831
Height=0.0002303325
