[Setting]
BeginPosX=9.265587
BeginPosY=4.174751
SizeX=109.9344
SizeY=83.82525
Height=-2.539455E-05
