[Setting]
BeginPosX=28.9263
BeginPosY=22.62619
SizeX=111.7737
SizeY=111.7738
Height=-1.800034
