[Setting]
BeginPosX=58.5477
BeginPosY=50.42682
SizeX=68.94458
SizeY=64.49654
Height=-3.193132
