[Setting]
BeginPosX=44.33487
BeginPosY=45.43434
SizeX=190.7651
SizeY=190.7657
Height=12.89998
