[Setting]
BeginPosX=24.85063
BeginPosY=29.48734
SizeX=40.78386
SizeY=40.78392
Height=-2.763088
