[Setting]
BeginPosX=6.174225
BeginPosY=9.474449
SizeX=84.45277
SizeY=84.45287
Height=-3.62121
