[Setting]
BeginPosX=21.58408
BeginPosY=28.2821
SizeX=143.4288
SizeY=143.429
Height=-0.04677039
