[Setting]
BeginPosX=13.30552
BeginPosY=10.46539
SizeX=74.41015
SizeY=74.41022
Height=0.001078952
