[Setting]
BeginPosX=-17.54132
BeginPosY=-23.67278
SizeX=194.3413
SizeY=146.6728
Height=-5.200046
