[Setting]
BeginPosX=1.766678
BeginPosY=4.566574
SizeX=186.2333
SizeY=186.2334
Height=-2.220075E-05
