[Setting]
BeginPosX=17.02353
BeginPosY=15.72366
SizeX=239.3765
SizeY=239.3763
Height=-6.500029
