[Setting]
BeginPosX=15.41761
BeginPosY=11.81758
SizeX=73.68239
SizeY=73.68242
Height=0.2999777
