[Setting]
BeginPosX=60.24962
BeginPosY=22.92549
SizeX=102.1325
SizeY=102.1328
Height=-7.702503E-05
