[Setting]
BeginPosX=7.170067
BeginPosY=10.47002
SizeX=80.92994
SizeY=80.92999
Height=-1.200025
