[Setting]
BeginPosX=22.49901
BeginPosY=20.59901
SizeX=61.20099
SizeY=61.201
Height=-1.854061E-05
