[Setting]
BeginPosX=-12.54595
BeginPosY=-9.337585
SizeX=110.2118
SizeY=110.2119
Height=-3.014222
