[Setting]
BeginPosX=25.95821
BeginPosY=21.75815
SizeX=51.24179
SizeY=51.24185
Height=-2.900016
