[Setting]
BeginPosX=19.10392
BeginPosY=4.909607
SizeX=94.99608
SizeY=86.09039
Height=-2.800026
