[Setting]
BeginPosX=18.96093
BeginPosY=21.26091
SizeX=52.73907
SizeY=52.73909
Height=2.599994
