[Setting]
BeginPosX=6.36615
BeginPosY=97.95358
SizeX=117.2027
SizeY=117.2028
Height=0.02311828
