[Setting]
BeginPosX=2.474434
BeginPosY=11.37447
SizeX=86.72556
SizeY=86.72554
Height=-2.200026
