[Setting]
BeginPosX=7.83847
BeginPosY=9.138435
SizeX=81.36153
SizeY=81.36156
Height=-0.3300096
