[Setting]
BeginPosX=26.00707
BeginPosY=20.78249
SizeX=48.11466
SizeY=48.11468
Height=-1.816233
