[Setting]
BeginPosX=19.86876
BeginPosY=24.03271
SizeX=162.3313
SizeY=151.8673
Height=3.89998
