[Setting]
BeginPosX=7.893593
BeginPosY=8.631599
SizeX=84.09377
SizeY=84.09396
Height=-0.01043578
