[Setting]
BeginPosX=13.3564
BeginPosY=17.05639
SizeX=63.8436
SizeY=63.84361
Height=3.789981
