[Setting]
BeginPosX=2.940475
BeginPosY=1.315872
SizeX=167.3579
SizeY=167.3583
Height=-1.804331E-05
