[Setting]
BeginPosX=7.285164
BeginPosY=10.25662
SizeX=81.39042
SizeY=81.39055
Height=-1.121171
