[Setting]
BeginPosX=21.12006
BeginPosY=15.42003
SizeX=104.9799
SizeY=104.98
Height=-3.180329E-05
