[Setting]
BeginPosX=12.82095
BeginPosY=12.99031
SizeX=67.6
SizeY=67.60001
Height=0.02473192
