[Setting]
BeginPosX=20.56076
BeginPosY=22.2607
SizeX=62.93924
SizeY=62.93929
Height=-1.906722E-05
