[Setting]
BeginPosX=15.17746
BeginPosY=20.12823
SizeX=159.0225
SizeY=148.7718
Height=3.899955
