[Setting]
BeginPosX=20.54317
BeginPosY=10.55782
SizeX=106.1516
SizeY=65.09294
Height=-5.210984
