[Setting]
BeginPosX=25.7634
BeginPosY=23.96764
SizeX=51.49479
SizeY=51.4948
Height=0.03649868
