[Setting]
BeginPosX=5.417404
BeginPosY=6.716949
SizeX=187.9826
SizeY=187.983
Height=-2.800024
