[Setting]
BeginPosX=15.22485
BeginPosY=17.42926
SizeX=66.77515
SizeY=62.47073
Height=3.849981
