[Setting]
BeginPosX=16.23289
BeginPosY=8.13269
SizeX=149.5391
SizeY=149.5393
Height=-3.600018
