[Setting]
BeginPosX=12.19797
BeginPosY=8.897751
SizeX=86.40203
SizeY=86.40225
Height=0.0002376554
