[Setting]
BeginPosX=0.893898
BeginPosY=0.2938156
SizeX=101.0061
SizeY=101.0062
Height=1.09997
