[Setting]
BeginPosX=22.24701
BeginPosY=17.39793
SizeX=61.49657
SizeY=57.53244
Height=4.724097
