[Setting]
BeginPosX=10.59998
BeginPosY=0.6999969
SizeX=161.2155
SizeY=161.2155
Height=-9.200019
