[Setting]
BeginPosX=8.677841
BeginPosY=9.477783
SizeX=83.52216
SizeY=83.52222
Height=-2.530274E-05
