[Setting]
BeginPosX=-5.992432
BeginPosY=-12.60251
SizeX=205.7924
SizeY=205.7925
Height=7.299975
