[Setting]
BeginPosX=7.600594
BeginPosY=8.897827
SizeX=84.09377
SizeY=84.09393
Height=0.03971604
