[Setting]
BeginPosX=130.289
BeginPosY=57.389
SizeX=61.20099
SizeY=61.201
Height=37.75999
