[Setting]
BeginPosX=2.059891
BeginPosY=-15.5406
SizeX=124.2901
SizeY=152.7406
Height=-0.8000464
