[Setting]
BeginPosX=-5.076782
BeginPosY=-17.08939
SizeX=170.6456
SizeY=170.6458
Height=0.02310209
