[Setting]
BeginPosX=72.92326
BeginPosY=90.14748
SizeX=60.87675
SizeY=56.95251
Height=69.19998
