[Setting]
BeginPosX=14.90965
BeginPosY=14.60941
SizeX=105.7903
SizeY=105.7906
Height=0.0002372515
