[Setting]
BeginPosX=19.27642
BeginPosY=19.47641
SizeX=58.92358
SizeY=58.92358
Height=-7.024239E-06
