[Setting]
BeginPosX=0.06616211
BeginPosY=2.466011
SizeX=98.93384
SizeY=98.93399
Height=-2.997168E-05
