[Setting]
BeginPosX=8.037064
BeginPosY=6.53183
SizeX=215.9429
SizeY=215.9432
Height=0.04662991
