[Setting]
BeginPosX=8.524963
BeginPosY=9.424919
SizeX=84.06403
SizeY=84.06408
Height=-9.600025
