[Setting]
BeginPosX=7.847168
BeginPosY=4.975769
SizeX=138.9328
SizeY=138.6242
Height=-1.686138E-05
