[Setting]
BeginPosX=5.43885
BeginPosY=5.038811
SizeX=62.66115
SizeY=62.66119
Height=4.819993
