[Setting]
BeginPosX=2.810242
BeginPosY=3.410164
SizeX=96.18976
SizeY=96.18983
Height=-7.800014
