[Setting]
BeginPosX=1.52084
BeginPosY=1.700825
SizeX=17.38916
SizeY=17.38918
Height=-1.82453
