[Setting]
BeginPosX=18.80685
BeginPosY=18.4768
SizeX=61.53015
SizeY=61.5302
Height=1.159981
