[Setting]
BeginPosX=49.26912
BeginPosY=47.64499
SizeX=79.89525
SizeY=86.25673
Height=56.15107
