[Setting]
BeginPosX=54.93474
BeginPosY=44.88474
SizeX=99.66426
SizeY=99.66428
Height=-0.2070309
