[Setting]
BeginPosX=-8.633629
BeginPosY=-27.5686
SizeX=123.7336
SizeY=123.7336
Height=-1.352649E-05
