[Setting]
BeginPosX=44.3002
BeginPosY=24.43495
SizeX=62.67255
SizeY=62.67261
Height=-0.7955264
