[Setting]
BeginPosX=20.71571
BeginPosY=20.30685
SizeX=170.2185
SizeY=170.2188
Height=-6.590206
