[Setting]
BeginPosX=20.33458
BeginPosY=18.42093
SizeX=215.3654
SizeY=68.97907
Height=10.29998
