[Setting]
BeginPosX=1.913467
BeginPosY=-10.18672
SizeX=110.1705
SizeY=110.1707
Height=-1.313337E-05
