[Setting]
BeginPosX=6.174225
BeginPosY=9.474464
SizeX=84.45277
SizeY=84.45285
Height=-3.621226
