[Setting]
BeginPosX=59.61572
BeginPosY=12.91521
SizeX=207.0343
SizeY=207.0348
Height=-8.953032E-05
