[Setting]
BeginPosX=11.47501
BeginPosY=16.57497
SizeX=81.325
SizeY=81.32503
Height=-9.694698E-06
