[Setting]
BeginPosX=24.75504
BeginPosY=90.67691
SizeX=129.012
SizeY=140.2231
Height=56.19996
