[Setting]
BeginPosX=11.47501
BeginPosY=16.57498
SizeX=81.325
SizeY=81.32502
Height=-2.463711E-05
