[Setting]
BeginPosX=18.92808
BeginPosY=17.88773
SizeX=67.6
SizeY=67.60001
Height=-0.3823733
