[Setting]
BeginPosX=32.15485
BeginPosY=16.75439
SizeX=190.7652
SizeY=190.7656
Height=-1.745813E-05
