[Setting]
BeginPosX=13.81703
BeginPosY=12.41696
SizeX=75.98297
SizeY=75.98304
Height=-2.301878E-05
