[Setting]
BeginPosX=30.8707
BeginPosY=25.55286
SizeX=245.6293
SizeY=148.0471
Height=-3.600018
