[Setting]
BeginPosX=21.58408
BeginPosY=28.28209
SizeX=143.4288
SizeY=143.4291
Height=-0.04674404
