[Setting]
BeginPosX=3.653469
BeginPosY=1.623447
SizeX=42.43653
SizeY=42.43655
Height=17.21999
