[Setting]
BeginPosX=22.86886
BeginPosY=21.86885
SizeX=52.93114
SizeY=52.93114
Height=-1.603529E-05
