[Setting]
BeginPosX=8.789223
BeginPosY=9.807747
SizeX=70.85609
SizeY=70.85611
Height=-3.016099
