[Setting]
BeginPosX=21.12006
BeginPosY=15.42001
SizeX=104.9799
SizeY=104.98
Height=-1.251459E-05
