[Setting]
BeginPosX=5.665222
BeginPosY=2.845261
SizeX=95.06087
SizeY=95.0609
Height=-39.5379
