[Setting]
BeginPosX=18.72989
BeginPosY=11.59755
SizeX=46.82967
SizeY=46.82967
Height=10.12642
