[Setting]
BeginPosX=0.4616318
BeginPosY=-2.938492
SizeX=103.1384
SizeY=103.1385
Height=-3.124542E-05
