[Setting]
BeginPosX=19.69901
BeginPosY=21.499
SizeX=61.20099
SizeY=61.201
Height=-1.854061E-05
