[Setting]
BeginPosX=1.946983
BeginPosY=7.629395E-06
SizeX=52.72279
SizeY=45.22499
Height=17.08237
