[Setting]
BeginPosX=31.9696
BeginPosY=16.46953
SizeX=202.0304
SizeY=202.0305
Height=-1.476681E-05
