[Setting]
BeginPosX=15.28987
BeginPosY=10.58975
SizeX=74.41013
SizeY=74.41025
Height=-2.254231E-05
