[Setting]
BeginPosX=3.653469
BeginPosY=1.62344
SizeX=42.43653
SizeY=42.43656
Height=17.22
