[Setting]
BeginPosX=22.93139
BeginPosY=12.47015
SizeX=71.92229
SizeY=71.92236
Height=27.97083
