[Setting]
BeginPosX=13.31193
BeginPosY=9.871927
SizeX=5.978072
SizeY=5.978073
Height=0.3899981
